64	47	1
64	58	1
21	64	1
64	49	1
64	46	1
64	57	1
64	53	1
64	27	1
35	64	1
64	31	1
4	64	1
64	18	1
29	64	1
64	56	1
44	64	1
5	64	1
64	32	1
61	64	1
64	23	1
15	64	1
64	28	1
64	62	1
64	48	1
20	64	1
65	33	1
65	21	1
65	58	1
27	65	1
65	57	1
65	56	1
65	5	1
65	16	1
65	9	1
65	19	1
15	65	1
65	59	1
65	49	1
62	65	1
65	30	1
65	60	1
65	20	1
65	47	1
65	31	1
65	36	1
65	35	1
10	65	1
65	14	1
65	2	1
65	0	1
65	61	1
65	43	1
66	48	1
28	66	1
66	49	1
66	9	1
66	22	1
66	5	1
60	66	1
18	66	1
66	17	1
66	21	1
12	66	1
66	35	1
25	66	1
43	66	1
66	14	1
66	27	1
66	4	1
66	16	1
66	30	1
66	40	1
8	66	1
66	52	1
66	62	1
3	67	1
25	67	1
67	27	1
1	67	1
44	67	1
5	67	1
67	34	1
67	28	1
49	67	1
67	53	1
26	67	1
46	67	1
67	2	1
67	17	1
67	36	1
67	62	1
67	54	1
51	67	1
67	0	1
67	21	1
67	63	1
11	67	1
68	63	1
68	51	1
68	25	1
68	23	1
68	43	1
68	9	1
68	62	1
31	68	1
68	50	1
68	56	1
68	37	1
68	21	1
7	68	1
68	60	1
68	18	1
68	12	1
68	6	1
68	33	1
68	42	1
68	8	1
14	68	1
39	68	1
46	69	1
69	35	1
69	55	1
27	69	1
11	69	1
69	63	1
69	26	1
69	37	1
4	69	1
34	69	1
30	69	1
69	38	1
69	23	1
69	1	1
69	44	1
69	6	1
61	69	1
69	43	1
69	56	1
7	69	1
3	69	1
69	16	1
69	24	1
5	69	1
70	2	1
29	70	1
50	70	1
70	23	1
70	13	1
55	70	1
70	12	1
70	63	1
70	60	1
70	41	1
70	24	1
70	47	1
70	30	1
70	8	1
70	42	1
26	70	1
70	49	1
70	52	1
34	70	1
70	45	1
70	37	1
70	4	1
70	17	1
70	39	1
70	14	1
71	38	1
71	23	1
48	71	1
71	63	1
28	71	1
71	50	1
71	61	1
9	71	1
45	71	1
71	6	1
71	29	1
46	71	1
71	42	1
18	71	1
71	57	1
12	71	1
40	71	1
14	71	1
2	71	1
71	30	1
58	71	1
71	10	1
4	71	1
71	11	1
71	53	1
59	72	1
72	8	1
62	72	1
72	18	1
72	31	1
41	72	1
17	72	1
72	46	1
72	35	1
72	48	1
30	72	1
72	10	1
9	72	1
72	2	1
72	38	1
72	7	1
21	72	1
72	15	1
72	61	1
72	22	1
72	57	1
72	27	1
72	34	1
54	72	1
73	61	1
73	60	1
73	28	1
21	73	1
73	0	1
73	55	1
73	38	1
18	73	1
73	15	1
73	3	1
54	73	1
41	73	1
73	16	1
73	58	1
73	8	1
19	73	1
73	36	1
73	32	1
73	31	1
5	73	1
56	73	1
73	57	1
73	44	1
73	14	1
74	8	1
2	74	1
74	33	1
13	74	1
74	11	1
74	28	1
9	74	1
35	74	1
74	27	1
74	45	1
40	74	1
74	49	1
74	18	1
74	15	1
74	36	1
74	37	1
74	56	1
74	14	1
61	74	1
74	43	1
74	4	1
26	74	1
17	74	1
74	20	1
48	75	1
75	22	1
18	75	1
75	15	1
9	75	1
75	63	1
39	75	1
33	75	1
37	75	1
52	75	1
75	24	1
75	61	1
75	13	1
75	55	1
75	44	1
75	21	1
75	41	1
8	75	1
51	75	1
75	53	1
19	75	1
76	36	1
76	5	1
76	35	1
58	76	1
76	37	1
76	56	1
76	2	1
76	0	1
76	27	1
76	33	1
9	76	1
76	25	1
76	22	1
4	76	1
76	43	1
76	6	1
28	76	1
76	8	1
76	3	1
76	59	1
76	39	1
76	47	1
76	19	1
12	76	1
76	49	1
7	76	1
77	14	1
77	21	1
77	24	1
77	46	1
77	62	1
77	10	1
77	51	1
77	63	1
77	32	1
77	48	1
28	77	1
16	77	1
77	3	1
77	57	1
77	19	1
31	77	1
37	77	1
41	77	1
36	77	1
77	55	1
77	33	1
4	77	1
15	77	1
7	78	1
39	78	1
78	56	1
78	35	1
13	78	1
47	78	1
78	55	1
78	27	1
24	78	1
42	78	1
78	18	1
78	11	1
78	60	1
78	6	1
78	52	1
78	1	1
78	15	1
78	33	1
78	20	1
78	59	1
31	78	1
79	59	1
51	79	1
79	61	1
42	79	1
79	9	1
79	4	1
79	44	1
79	26	1
79	11	1
8	79	1
79	47	1
79	63	1
79	39	1
79	15	1
79	25	1
79	60	1
79	62	1
79	49	1
79	2	1
79	3	1
79	31	1
79	22	1
79	16	1
79	28	1
79	40	1
80	39	1
80	9	1
80	29	1
80	27	1
80	17	1
80	52	1
80	20	1
80	14	1
80	13	1
80	55	1
80	32	1
80	2	1
80	12	1
80	56	1
53	80	1
80	23	1
80	54	1
80	46	1
80	4	1
80	3	1
35	80	1
80	10	1
80	60	1
80	11	1
80	24	1
58	81	1
59	81	1
81	55	1
81	31	1
81	60	1
57	81	1
43	81	1
81	16	1
49	81	1
35	81	1
81	53	1
81	18	1
81	13	1
81	3	1
81	32	1
81	41	1
81	33	1
81	8	1
12	81	1
81	15	1
44	81	1
48	81	1
0	81	1
81	27	1
82	43	1
82	16	1
82	29	1
45	82	1
82	25	1
82	17	1
1	82	1
82	15	1
82	40	1
82	63	1
24	82	1
82	59	1
82	12	1
82	32	1
82	58	1
82	31	1
0	82	1
14	82	1
82	53	1
82	21	1
82	38	1
82	19	1
23	82	1
82	37	1
82	34	1
83	29	1
83	39	1
59	83	1
63	83	1
27	83	1
83	49	1
83	43	1
45	83	1
83	48	1
83	51	1
1	83	1
83	61	1
83	7	1
57	83	1
16	83	1
83	15	1
13	83	1
83	24	1
83	18	1
83	30	1
47	83	1
83	14	1
42	83	1
83	21	1
84	40	1
84	61	1
84	12	1
84	45	1
84	52	1
28	84	1
84	33	1
84	9	1
84	14	1
84	1	1
84	10	1
36	84	1
22	84	1
49	84	1
24	84	1
84	32	1
19	84	1
84	18	1
84	26	1
37	84	1
84	54	1
84	4	1
21	84	1
84	6	1
84	0	1
85	53	1
85	63	1
85	36	1
85	60	1
85	58	1
15	85	1
48	85	1
85	37	1
85	49	1
85	28	1
85	32	1
19	85	1
85	7	1
85	47	1
85	55	1
44	85	1
85	33	1
85	21	1
85	25	1
40	85	1
85	30	1
85	14	1
85	11	1
85	29	1
85	41	1
86	28	1
86	52	1
14	86	1
86	11	1
44	86	1
86	7	1
86	57	1
86	59	1
86	10	1
61	86	1
86	43	1
86	45	1
53	86	1
31	86	1
86	48	1
63	86	1
86	54	1
13	86	1
86	8	1
86	51	1
22	86	1
86	49	1
47	86	1
86	26	1
87	55	1
87	6	1
87	59	1
87	63	1
87	27	1
87	37	1
87	22	1
47	87	1
87	57	1
87	34	1
43	87	1
87	46	1
87	42	1
33	87	1
87	2	1
87	54	1
87	4	1
87	30	1
25	87	1
87	23	1
87	44	1
87	3	1
87	0	1
87	60	1
49	88	1
10	88	1
42	88	1
88	16	1
88	14	1
88	43	1
88	53	1
88	18	1
32	88	1
88	22	1
88	36	1
88	8	1
88	13	1
62	88	1
88	57	1
88	1	1
88	44	1
88	30	1
88	17	1
88	15	1
88	31	1
26	89	1
10	89	1
89	27	1
89	7	1
89	49	1
89	12	1
37	89	1
89	20	1
89	32	1
89	9	1
89	52	1
89	34	1
13	89	1
89	56	1
89	29	1
89	63	1
89	40	1
89	4	1
89	44	1
89	8	1
89	14	1
15	89	1
89	61	1
24	89	1
89	55	1
29	90	1
10	90	1
36	90	1
90	16	1
4	90	1
90	25	1
90	40	1
90	51	1
34	90	1
90	28	1
90	6	1
90	39	1
90	18	1
90	15	1
9	90	1
43	90	1
60	90	1
90	20	1
90	37	1
62	90	1
90	30	1
90	26	1
91	17	1
25	91	1
91	27	1
23	91	1
91	36	1
91	58	1
91	47	1
59	91	1
91	20	1
91	19	1
91	4	1
91	32	1
91	14	1
28	91	1
91	63	1
91	30	1
22	91	1
8	91	1
91	9	1
91	44	1
91	57	1
91	55	1
91	21	1
91	43	1
54	91	1
91	33	1
91	35	1
25	92	1
92	41	1
92	49	1
17	92	1
92	4	1
19	92	1
56	92	1
92	10	1
92	2	1
92	44	1
92	39	1
92	54	1
16	92	1
92	7	1
92	14	1
92	35	1
92	48	1
92	29	1
57	92	1
92	62	1
40	92	1
0	92	1
17	93	1
93	58	1
93	39	1
93	26	1
93	25	1
93	32	1
12	93	1
24	93	1
36	93	1
57	93	1
20	93	1
93	37	1
93	29	1
31	93	1
93	50	1
93	40	1
51	93	1
11	93	1
93	55	1
3	93	1
93	2	1
93	56	1
63	93	1
