0	6	0.64996828583
0	9	0.635903719082
0	2	0.769658063958
0	19	0.403103839527
0	0	0.33249419912
0	10	0.568558850729
0	7	0.855385454702
0	13	0.362485729941
0	11	0.618045689415
1	3	0.901492003462
1	1	0.621216236307
1	7	0.0422470782035
1	8	0.46325218909
1	4	0.146900174564
1	15	0.179090751555
1	16	0.03615580813
1	6	0.0496883623645
1	10	0.776053756457
2	15	0.861002781617
2	0	0.319402278332
2	6	0.76514592301
2	12	0.998534656619
2	9	0.637635997789
2	7	0.906192919094
2	2	0.988258097178
2	13	0.0109869721059
2	4	0.758671608924
3	7	0.70937097714
3	19	0.515983803887
3	3	0.964514336836
3	15	0.690102467784
3	12	0.0458512481792
3	13	0.841278777482
3	16	0.504466247512
3	4	0.396326995362
4	7	0.392839106945
4	3	0.12823709187
4	17	0.120132387743
4	6	0.854427350823
4	18	0.74017779066
4	16	0.0346438943054
4	0	0.271894489496
4	9	0.341946504383
4	11	0.607588991705
4	5	0.198318056607
5	14	0.816963479839
5	18	0.992430504678
5	3	0.580368337914
5	11	0.705164634996
5	8	0.112131077961
5	0	0.280773019298
5	13	0.125876664179
5	15	0.530029975592
6	10	0.60938643044
6	12	0.703744373635
6	18	0.189403132453
6	9	0.737699246377
6	14	0.612389928687
6	19	0.984357966573
6	1	0.333951475108
7	1	0.289620186035
7	3	0.408915125783
7	17	0.398069229127
7	16	0.841124904016
7	8	0.549143402189
7	9	0.0836380766246
7	19	0.789134448096
7	0	0.17887416167
8	10	0.329606077278
8	9	0.0766970012082
8	16	0.198161302583
8	7	0.674057620371
8	2	0.922165128303
8	11	0.765134396692
8	19	0.291440598237
8	3	0.142038741108
8	4	0.32725560538
9	6	0.792242119166
9	2	0.147842253188
9	19	0.351559253054
9	4	0.285377641984
9	1	0.734646083397
9	10	0.247988870645
9	8	0.810617361424
9	13	0.674535199856
10	11	0.822071885442
10	10	0.040135199882
10	19	0.203762997428
10	15	0.0516483771861
10	18	0.466364531549
10	6	0.933170908965
10	4	0.703729326275
10	17	0.737500415579
10	3	0.141777639674
11	2	0.766489698461
11	9	0.428297551301
11	4	0.46843266208
11	16	0.952041942235
11	14	0.677694356288
11	19	0.0866595404617
11	17	0.168857950031
11	7	0.655177439743
12	4	0.404905686288
12	16	0.911359474873
12	6	0.818233050152
12	3	0.952236263732
12	15	0.214512968211
12	14	0.705753753394
12	5	0.419681598218
12	10	0.45449534237
12	1	0.671763129872
13	7	0.979862552904
13	3	0.599977756033
13	10	0.0411897850817
13	1	0.00815059981052
13	18	0.0900235773542
13	4	0.646268355139
14	5	0.0554702431471
14	15	0.851650655482
14	18	0.939893108278
14	4	0.346292992962
14	8	0.960585276775
14	1	0.0679260799101
14	16	0.334917122679
14	10	0.822566162097
14	17	0.736419865886
15	14	0.0405843268896
15	0	0.443680825193
15	1	0.347895448921
15	5	0.154489611239
15	17	0.59557527667
15	7	0.591016403282
15	15	0.901268297076
15	13	0.931841418215
15	2	0.0172218837839
16	19	0.0873687231404
16	10	0.405322197606
16	14	0.150832653705
16	11	0.198680475885
16	7	0.410649892514
16	17	0.0168239756677
16	12	0.637490522615
16	6	0.163793043486
17	5	0.0254277948671
17	8	0.501504279539
17	10	0.715221119206
17	4	0.457730229096
17	17	0.720320821443
17	15	0.604800881917
17	7	0.806250012076
18	1	0.635513877355
18	10	0.422537484947
18	5	0.104477200836
18	17	0.0378516156695
18	11	0.14888300453
18	3	0.812401790298
18	4	0.18014983339
18	18	0.616948178078
19	10	0.367731813756
19	12	0.990084426013
19	8	0.717259932639
19	2	0.399602154187
19	17	0.419287075898
19	19	0.214529903712
19	18	0.278244382
19	6	0.952828273407
19	15	0.965750082997
