12	20	0.875058614604
20	6	0.204693291224
0	20	0.58952390975
20	5	0.39398742244
20	14	0.61327025166
10	20	0.684546899306
20	16	0.48748896578
21	17	0.393458570388
21	13	0.147233038455
21	5	0.421410370865
21	19	0.603394894277
21	18	0.327167632956
21	1	0.966086660915
3	21	0.16140569147
0	22	0.294334194626
22	4	0.825584671026
22	17	0.397640270915
22	10	0.356714344843
22	5	0.335965982653
22	9	0.901943613263
22	12	0.234411022624
3	22	0.195851571234
22	1	0.593700150648
23	13	0.993407047951
23	3	0.866726150701
23	9	0.7378009929
23	14	0.233933520311
23	5	0.580764069586
15	23	0.178256286331
23	11	0.0705403281451
1	23	0.939263294451
19	24	0.679238812411
14	24	0.164471029638
2	24	0.999561713424
24	13	0.527487435949
5	24	0.944030940365
24	0	0.651430467917
24	3	0.65548767776
24	9	0.00945883932299
10	25	0.345407378191
25	6	0.440441724554
25	16	0.63081595936
25	12	0.924067791388
25	19	0.972441135987
9	25	0.564890727584
25	13	0.553900209178
15	25	0.299181438184
25	0	0.516145275321
26	16	0.502116995769
26	2	0.381931797236
14	26	0.430786314183
26	3	0.00323948087186
26	12	0.311426601502
13	26	0.076735254429
26	19	0.0572311436351
26	18	0.989625537516
9	27	0.509646648956
27	3	0.732104652511
4	27	0.370992125449
27	18	0.408610189516
11	27	0.784302082715
27	2	0.370451145106
28	3	0.173256679848
28	2	0.941210585153
28	9	0.187104801021
28	15	0.0573191002971
28	18	0.765328906748
13	28	0.967941305287
28	6	0.406679611756
4	28	0.803304600405
29	12	0.680284332267
4	29	0.0672944737024
29	1	0.920769312281
29	17	0.366397881608
29	19	0.323072248306
29	6	0.240477950624
29	9	0.610498709719
29	10	0.924454925085
