0	32	0.780608780573
0	43	0.272991828377
0	9	0.132089947216
0	52	0.41269536404
0	59	0.767422537348
0	11	0.708091585756
0	27	0.594095172343
0	40	0.927425297173
0	3	0.499718542889
0	24	0.219586801524
0	10	0.476915991133
0	31	0.234887587095
0	29	0.215027477348
0	6	0.989316330498
0	54	0.856249878361
0	7	0.445084641882
0	50	0.0153216640375
0	34	0.0829920767327
0	2	0.0803707788077
0	42	0.778138770458
0	55	0.914367482887
0	41	0.459391781325
0	51	0.756630054879
0	30	0.653638095618
0	35	0.172698422728
1	34	0.758170047399
1	28	0.713747705614
1	53	0.757764065249
1	52	0.513385722452
1	25	0.846179592512
1	27	0.304955591508
1	4	0.950410538898
1	56	0.792112654903
1	3	0.216541872374
1	40	0.663250775059
1	57	0.11493084053
1	7	0.194589159542
1	20	0.337356534578
1	26	0.377194455396
1	23	0.825712105946
1	5	0.0589312741223
1	54	0.251678126936
1	16	0.787212316295
1	13	0.129625113983
1	0	0.499740780175
1	33	0.956460403911
1	32	0.357472957778
1	47	0.0329570040412
1	18	0.685286812705
1	35	0.159211667384
1	51	0.988715335304
1	19	0.129855966934
1	24	0.942256452276
2	28	0.464082875524
2	57	0.354403069215
2	50	0.703845813111
2	51	0.161027908987
2	13	0.0518140329045
2	8	0.385052799034
2	12	0.199310009243
2	5	0.0168807191043
2	4	0.167523721289
2	37	0.835759236735
2	39	0.240184881801
2	10	0.258470794083
2	31	0.937549135397
2	27	0.557466205354
2	46	0.839503498866
2	38	0.480848628979
2	29	0.538145600883
2	19	0.0816390583176
2	7	0.819111650302
2	16	0.0317880432386
2	0	0.55821326058
2	43	0.12420942665
2	52	0.375085555329
2	17	0.273932710995
2	32	0.0191500112445
2	24	0.993439985739
3	2	0.431589107849
3	24	0.254338941952
3	11	0.908094989494
3	55	0.887842831133
3	40	0.576033666623
3	17	0.665410211726
3	15	0.109376209078
3	52	0.809503856513
3	43	0.722039417467
3	31	0.146471902015
3	16	0.51634462855
3	42	0.442269594115
3	51	0.408812389677
3	4	0.537745935071
3	32	0.227382861998
3	38	0.0901508276693
3	35	0.957375016856
3	6	0.731168915879
3	54	0.737044491346
3	29	0.427644329791
3	57	0.0289087635357
3	47	0.175732815873
3	39	0.303621962117
3	23	0.23123168922
3	1	0.485169241974
3	10	0.803299740349
3	19	0.759871527618
3	20	0.155810492566
4	25	0.308302659453
4	55	0.165098312969
4	27	0.79288801075
4	19	0.584521307216
4	49	0.229483705876
4	7	0.156745424637
4	3	0.00514313261577
4	40	0.541255423622
4	38	0.783177498152
4	30	0.902271080236
4	42	0.140591875369
4	48	0.496726451685
4	5	0.443605289671
4	53	0.747205256584
4	26	0.3323953447
4	23	0.563380575139
4	10	0.894648493871
4	37	0.973714392978
4	59	0.929147685369
4	0	0.693384460374
4	16	0.654562877605
4	58	0.296580822934
4	24	0.677375043109
4	43	0.883418919112
4	57	0.361730889018
4	56	0.918287396035
4	29	0.804633168978
4	32	0.533689641137
4	51	0.22443461281
5	13	0.726260651127
5	10	0.967284825742
5	17	0.760150604255
5	15	0.358945594588
5	57	0.62318609268
5	34	0.765816780326
5	48	0.0921875878989
5	2	0.449222955069
5	43	0.827498472775
5	59	0.767490499003
5	3	0.100041833446
5	27	0.883773194996
5	19	0.127418011421
5	40	0.158351507508
5	25	0.351724412375
5	42	0.599105143241
5	32	0.66644296801
5	50	0.632897621562
5	56	0.318392746161
5	12	0.289573210402
5	49	0.595830216787
5	31	0.95075194739
5	53	0.102535517114
5	21	0.248688610617
5	9	0.675822239933
5	0	0.38111533802
5	4	0.701651353496
5	7	0.80603402292
6	35	0.506684865091
6	29	0.753615047174
6	31	0.621480600253
6	34	0.539004802448
6	19	0.598937714764
6	52	0.650668657736
6	38	0.764172208517
6	55	0.113953190524
6	5	0.516399159786
6	9	0.44346844824
6	36	0.287789868473
6	7	0.109798950072
6	1	0.866916554148
6	8	0.602128292298
6	44	0.514732298568
6	42	0.952216868301
6	59	0.0403016871316
6	26	0.45418043316
6	39	0.893481960423
6	40	0.858173140698
6	27	0.662882532098
6	0	0.739803364564
6	45	0.688521448653
6	11	0.877546404116
6	2	0.0854160634245
6	43	0.739800231349
7	3	0.795574022998
7	42	0.39715112
7	16	0.00283472677928
7	52	0.802382418838
7	48	0.741385176479
7	8	0.542778489327
7	38	0.104291496238
7	54	0.888651881036
7	32	0.170856163137
7	23	0.445750111599
7	20	0.551694782012
7	21	0.53330894296
7	25	0.112336186816
7	30	0.60268133376
7	41	0.283363548258
7	18	0.0766575863273
7	59	0.913698051916
7	33	0.50307733787
7	11	0.553021661078
7	14	0.241808538932
7	37	0.738978796181
7	12	0.149911689886
7	50	0.981552689029
7	4	0.0735423985662
7	15	0.786850176372
7	46	0.737357207811
7	26	0.695874969243
7	29	0.305550562275
7	40	0.296537377472
7	34	0.854207610872
8	36	0.859524144864
8	47	0.332166662924
8	27	0.113937353844
8	38	0.102935609684
8	53	0.995696185632
8	0	0.511130249882
8	20	0.419634121989
8	28	0.930472290317
8	44	0.915186726557
8	22	0.166296583219
8	1	0.587520863224
8	40	0.862683919723
8	3	0.942871843019
8	16	0.343340581789
8	34	0.546577778279
8	52	0.94601314874
8	29	0.283773659577
8	14	0.859744519775
8	18	0.394651352139
8	15	0.803271944775
8	33	0.0625560427074
8	7	0.495085116803
8	5	0.492988165992
8	45	0.0203612237491
8	21	0.425661384663
9	22	0.511394762698
9	3	0.392093515815
9	0	0.884544052884
9	5	0.571291709057
9	2	0.368892240189
9	13	0.99714007174
9	59	0.479565013038
9	7	0.735708321915
9	23	0.536661699714
9	21	0.634744529086
9	48	0.570539521473
9	31	0.31591483256
9	36	0.330812672814
9	40	0.348771732161
9	17	0.268773189796
9	32	0.284088391675
9	52	0.381633634596
9	4	0.174756259839
9	46	0.783883209428
9	1	0.817736305117
9	37	0.193152294655
9	10	0.432976962347
9	18	0.990049573092
9	27	0.707932025609
10	30	0.68709628727
10	41	0.196008256469
10	47	0.515276689916
10	22	0.110705735104
10	25	0.23124239974
10	50	0.147812661267
10	18	0.376468182757
10	4	0.239235200645
10	57	0.960060900436
10	9	0.115279213232
10	3	0.726072440278
10	12	0.464058448336
10	13	0.182686860709
10	40	0.638968691364
10	20	0.808811578544
10	1	0.289161131826
10	38	0.964223242884
10	2	0.254732220456
10	54	0.185454676437
10	6	0.905606137035
10	16	0.189107080049
10	32	0.222672162579
11	57	0.855387383178
11	56	0.869821799348
11	21	0.0849244818931
11	26	0.539141452382
11	22	0.329414232016
11	23	0.303942505867
11	54	0.0126874272764
11	10	0.474066851171
11	50	0.819587528949
11	2	0.786679543424
11	0	0.344653745385
11	39	0.220008580706
11	47	0.172442113711
11	7	0.23821728838
11	59	0.739339267261
11	48	0.18392358826
11	34	0.596611290314
11	41	0.163325906149
11	14	0.758191676948
11	16	0.20358531821
11	9	0.841360070999
11	36	0.283840064052
11	20	0.466967332294
11	53	0.500474220794
11	4	0.16986721594
12	55	0.128266164113
12	56	0.156109940687
12	24	0.735695928609
12	43	0.46672620836
12	30	0.582000067616
12	31	0.0635545684619
12	37	0.297664717795
12	48	0.567099702644
12	40	0.990448241254
12	2	0.89463715374
12	23	0.557575200904
12	36	0.849968005836
12	34	0.624808907845
12	13	0.967553693025
12	0	0.628695751372
12	3	0.917147279327
12	11	0.119822817483
12	53	0.501766899441
12	28	0.733735277902
12	7	0.345273447871
12	58	0.427200059997
12	21	0.814004351251
12	41	0.494460027642
12	8	0.190191032605
13	46	0.534293903413
13	42	0.929275436084
13	26	0.486426050668
13	2	0.349437955847
13	25	0.188832909546
13	39	0.188489279586
13	37	0.0279898272791
13	0	0.915067717981
13	22	0.542550049376
13	57	0.895165157388
13	32	0.841104806885
13	6	0.888287902008
13	5	0.397411997821
13	53	0.256408638514
13	34	0.83512113964
13	23	0.571770801611
13	49	0.675557695292
13	40	0.821237477554
13	47	0.0428791924112
13	54	0.362959316645
13	1	0.619128044114
13	4	0.737492087918
13	48	0.690100371734
13	30	0.645607067494
13	55	0.121597920061
13	18	0.97929019686
14	42	0.328214595728
14	40	0.682275306408
14	58	0.691702076861
14	15	0.0142896696667
14	17	0.0142753515886
14	44	0.381797072515
14	49	0.257908749242
14	39	0.362009523056
14	53	0.477915092662
14	47	0.634862104451
14	41	0.345896524551
14	7	0.292150253209
14	23	0.0864252411297
14	33	0.601461571275
14	13	0.116335716177
14	6	0.974711471122
14	22	0.895865036512
14	21	0.721082790443
14	59	0.542359832817
14	4	0.0780852393259
14	38	0.486229731837
14	16	0.831497255253
14	35	0.368317177308
14	8	0.184480472985
14	56	0.672694072499
15	45	0.861587155034
15	8	0.516201877977
15	48	0.449791957959
15	17	0.926598039138
15	58	0.698332204112
15	55	0.304960422425
15	30	0.727433854809
15	40	0.456201633292
15	36	0.930232155237
15	51	0.397969484662
15	7	0.659244203244
15	59	0.276913852175
15	31	0.320457648023
15	4	0.840906141244
15	11	0.386047376813
15	10	0.100392492549
15	22	0.641896269822
15	14	0.0196265815156
15	33	0.856291265818
15	49	0.446005201985
15	56	0.00997985908605
15	25	0.230619415049
16	4	0.237963010956
16	14	0.410652781334
16	26	0.838567158266
16	30	0.373055783011
16	36	0.0115902371182
16	25	0.56907186168
16	53	0.207511908019
16	48	0.543474791564
16	59	0.46350062552
16	40	0.560182684607
16	41	0.568227956504
16	28	0.975812961388
16	54	0.316052080095
16	19	0.460034936253
16	51	0.391868221546
16	46	0.0491431604932
16	45	0.479993227222
16	56	0.610717423035
16	50	0.1882811041
16	49	0.792207950784
16	43	0.754742094099
16	44	0.512109406071
16	22	0.226071981172
17	49	0.820704380761
17	27	0.691061870871
17	52	0.02242522191
17	30	0.423355498621
17	38	0.912913269743
17	57	0.706252572283
17	44	0.725958528486
17	8	0.0986830933428
17	2	0.0588666091846
17	16	0.501298335972
17	47	0.964203178353
17	11	0.065860334369
17	13	0.0560271483611
17	5	0.636348256547
17	43	0.617364016584
17	10	0.376719864436
17	34	0.254255033962
17	54	0.185801679214
17	28	0.39399037401
17	23	0.031772370198
17	56	0.0295156217255
17	48	0.803058167123
17	50	0.46994361152
17	21	0.360214861131
17	29	0.655823374195
17	31	0.620781393371
17	22	0.0188196282671
17	37	0.981741560981
17	45	0.642328957687
18	41	0.767137068204
18	24	0.558294352975
18	16	0.754232484009
18	8	0.26021329317
18	46	0.427038768811
18	12	0.363822852402
18	19	0.0973039480323
18	27	0.828532665424
18	5	0.133216171667
18	43	0.744774643521
18	21	0.74558807925
18	33	0.303001279533
18	9	0.91795167161
18	39	0.44709649051
18	58	0.334671510773
18	31	0.96710797235
18	6	0.998069701504
18	49	0.969237517514
18	57	0.458514256277
18	15	0.467774863959
18	26	0.934261887713
18	54	0.488768205628
18	2	0.911116509977
18	40	0.266771068924
18	55	0.902478255741
18	25	0.577660470338
18	37	0.203367400986
18	47	0.530468981318
19	25	0.947860793681
19	46	0.946101475837
19	33	0.0258956857794
19	12	0.596111291051
19	18	0.522765812721
19	57	0.570993846043
19	55	0.113659550314
19	3	0.797468689437
19	15	0.215019627103
19	17	0.690621896689
19	27	0.415391299221
19	23	0.990909780216
19	1	0.379270314211
19	28	0.352741864189
19	8	0.956052613913
19	53	0.0192682861123
19	11	0.299268872063
19	54	0.337040767209
19	21	0.499404363638
19	40	0.705032377846
19	45	0.322262106214
19	36	0.937858564859
19	35	0.91955942011
19	56	0.714741030535
19	58	0.367642341489
19	29	0.274666071093
19	49	0.455437863338
19	43	0.815906275969
20	19	0.890215250653
20	8	0.195923210786
20	37	0.575898758539
20	53	0.84416550867
20	11	0.532759168284
20	16	0.3274946847
20	39	0.786503641189
20	9	0.846845053871
20	6	0.228827360954
20	28	0.993589532617
20	15	0.339566434918
20	38	0.154135758069
20	1	0.85012038343
20	45	0.380659187047
20	51	0.665091828126
20	3	0.202039456417
20	44	0.0721947272931
20	14	0.324098277076
20	49	0.564356998202
20	50	0.866538132543
20	7	0.743884794457
20	4	0.559106062072
20	52	0.806903462836
20	55	0.568664549979
20	40	0.489429053691
20	31	0.105643321989
20	10	0.514983182702
21	50	0.684572402381
21	52	0.149608616114
21	14	0.636612373919
21	48	0.84897460683
21	31	0.109611746484
21	47	0.922140816448
21	58	0.76355743492
21	0	0.306472263718
21	39	0.873932240346
21	35	0.652925371225
21	46	0.454079287335
21	18	0.4925232356
21	29	0.669845427212
21	3	0.683121455718
21	42	0.217674448588
21	17	0.177088428058
21	32	0.998469121516
21	56	0.610762640489
21	19	0.569532000449
21	11	0.438058055215
21	53	0.0921560538053
21	37	0.111088128113
21	13	0.569327420654
21	15	0.221283697178
21	24	0.872413059857
21	40	0.0314418233856
21	54	0.901451635638
21	4	0.280496513242
22	30	0.877859942195
22	16	0.337882458708
22	17	0.389147144813
22	54	0.0697477201357
22	19	0.0841706770609
22	23	0.558822854904
22	13	0.130888240331
22	47	0.261196650761
22	55	0.719065912808
22	14	0.271714662991
22	21	0.278572157856
22	15	0.675764224253
22	57	0.789376779439
22	52	0.309050734491
22	27	0.923403611867
22	8	0.687966773019
22	40	0.44512936612
22	11	0.184764012087
22	25	0.919503190529
22	7	0.461738960567
22	0	0.333692871047
22	51	0.532386395177
22	12	0.532930831286
22	48	0.425204213635
22	45	0.631372549228
22	26	0.095647351256
23	6	0.180261218957
23	3	0.812057478425
23	54	0.105554702233
23	35	0.307238786549
23	38	0.30817993676
23	15	0.662946370503
23	56	0.0508935437716
23	18	0.881691122478
23	27	0.350567563425
23	4	0.875066078892
23	40	0.907143694248
23	0	0.81452074307
23	25	0.598651302183
23	53	0.617205165307
23	16	0.0319806134471
23	47	0.207369877856
23	37	0.376040173403
23	51	0.804504740699
23	10	0.0033561732327
23	29	0.262906797673
23	14	0.409417650267
23	8	0.58954160716
23	42	0.195344873625
23	5	0.326921135828
23	57	0.558038787915
23	12	0.878786775479
23	58	0.593393805847
23	45	0.501645966958
24	38	0.341059777333
24	46	0.814441694614
24	44	0.53901252419
24	28	0.525226120988
24	37	0.822552764081
24	3	0.814171822151
24	0	0.121019336658
24	51	0.444029624842
24	17	0.743987142272
24	43	0.728625795335
24	39	0.265416897172
24	22	0.900275835655
24	57	0.639184254087
24	12	0.982952894628
24	6	0.417010564436
24	56	0.584827182166
24	32	0.450154396674
24	34	0.663876961589
24	19	0.383241896466
24	10	0.16475308426
24	48	0.9727063553
24	29	0.737661281409
24	9	0.997157863571
24	45	0.543724080419
24	7	0.324888734244
24	11	0.377604546248
24	16	0.27744903988
25	37	0.743054620869
25	57	0.0537270449738
25	32	0.482886556743
25	38	0.629735429575
25	16	0.836920703578
25	47	0.719149960059
25	30	0.166187086191
25	29	0.384709865274
25	9	0.751285280989
25	59	0.819258370301
25	49	0.289554001732
25	11	0.42622895083
25	50	0.678562179919
25	44	0.125158041945
25	18	0.0275871728513
25	39	0.937114829628
25	19	0.847404607218
25	17	0.54464569895
25	20	0.180722520489
25	1	0.638092638485
25	55	0.118042528245
25	51	0.31613111191
25	15	0.121741315412
25	6	0.317864150085
25	23	0.547448198209
25	14	0.13182941282
25	28	0.510620876461
26	50	0.445544190447
26	46	0.0146347599664
26	36	0.131761344374
26	38	0.409526324806
26	9	0.339455996276
26	55	0.666950919891
26	54	0.288250869147
26	0	0.395412895858
26	49	0.219155344886
26	39	0.886372774075
26	11	0.108470717422
26	1	0.927740783952
26	53	0.683750800221
26	25	0.381801412586
26	8	0.411567406427
26	10	0.158596856476
26	48	0.527402110587
26	34	0.430669031974
26	42	0.699307429759
26	33	0.00393600571136
26	16	0.432361842876
26	51	0.62625876168
26	31	0.86193645331
26	30	0.537151141153
27	21	0.85871296413
27	48	0.0726397980213
27	46	0.442871007316
27	25	0.21537406119
27	54	0.589005358643
27	36	0.107328324608
27	17	0.939549789435
27	47	0.0172845348149
27	10	0.58812550317
27	28	0.0230427955892
27	18	0.565462334552
27	43	0.244600612377
27	0	0.373820303582
27	2	0.831274175736
27	8	0.888416790019
27	26	0.460101523567
27	35	0.405295769355
27	37	0.224620457423
27	38	0.0886971879418
27	51	0.899072598647
27	24	0.827290184932
27	50	0.64214637946
27	34	0.747161331184
27	52	0.830375668804
27	30	0.989512937106
27	31	0.0313578642577
27	12	0.557891883526
28	43	0.486354330457
28	17	0.0210842323424
28	7	0.505933427434
28	19	0.0271939483998
28	5	0.0725310263319
28	1	0.777775773548
28	50	0.956509551116
28	22	0.317627792165
28	55	0.0549132521052
28	36	0.233489960679
28	3	0.815783479529
28	59	0.790767148922
28	57	0.23902075272
28	53	0.728807634368
28	42	0.718610550671
28	49	0.912126961301
28	24	0.811551107342
28	29	0.545360708266
28	35	0.586672792704
28	40	0.607032528316
28	13	0.339369132918
28	58	0.703620981978
28	38	0.721822775266
28	15	0.601177409573
28	56	0.727268961027
28	23	0.278293153915
28	46	0.945353419477
28	44	0.527480680159
29	58	0.275321404847
29	9	0.601335250516
29	36	0.492947342486
29	40	0.760448991083
29	3	0.109790026868
29	10	0.545378243313
29	56	0.722711614325
29	16	0.815772136753
29	2	0.972763954637
29	45	0.133391376049
29	46	0.167143672495
29	6	0.0224344435674
29	34	0.842115524753
29	59	0.334069452824
29	33	0.531478971397
29	51	0.968969287325
29	44	0.22617174413
29	38	0.238107258317
29	49	0.0205172859208
29	23	0.365783676517
29	5	0.464096554116
29	14	0.0584132333227
29	37	0.117142073264
29	11	0.0284538654794
29	31	0.287419692291
29	13	0.639972068385
29	28	0.86371770593
29	50	0.509101246655
29	8	0.324129404424
29	18	0.0208076945722
30	50	0.302936327669
30	41	0.0970240447741
30	38	0.786209309091
30	4	0.347483738774
30	46	0.650435633786
30	19	0.571885380874
30	56	0.276278987516
30	40	0.0437280753271
30	14	0.984373230654
30	58	0.308250787918
30	35	0.85382426182
30	21	0.445760594526
30	51	0.701076099328
30	27	0.878692283506
30	23	0.104132339325
30	7	0.168876631782
30	32	0.316393269735
30	52	0.378932630984
30	34	0.3551945211
30	57	0.103330363326
30	13	0.835923836792
30	45	0.326574947954
30	9	0.305922117162
30	26	0.380656914787
30	12	0.988914379395
30	8	0.272971456225
30	49	0.538961724765
31	26	0.513401339142
31	5	0.196222029665
31	56	0.361098943039
31	58	0.11637168095
31	19	0.431892913178
31	52	0.200661878424
31	7	0.596581207787
31	10	0.193050649243
31	47	0.589634512738
31	27	0.68853117546
31	3	0.821763895493
31	50	0.935003543814
31	53	0.964913651214
31	41	0.270156520307
31	11	0.288079321936
31	15	0.105160778174
31	40	0.424886635601
31	45	0.892505317081
31	54	0.174266571347
31	32	0.877008285184
31	17	0.128070004374
31	43	0.928590113919
31	33	0.424864442697
31	2	0.527659748629
32	35	0.835454068403
32	58	0.757362812672
32	39	0.268110478795
32	6	0.806409693847
32	23	0.160482012134
32	57	0.371480065966
32	5	0.41169052584
32	59	0.63063647762
32	4	0.180718736225
32	8	0.527667320917
32	14	0.262803306659
32	53	0.648371942346
32	2	0.538648092221
32	9	0.685625875612
32	22	0.558503751562
32	0	0.311262380171
32	34	0.567401331713
32	55	0.253270809389
32	26	0.343104304739
32	56	0.666840695003
32	27	0.522733814931
32	40	0.0546689934998
32	13	0.428221974242
32	29	0.313847108238
32	44	0.95935482564
32	46	0.599538715884
32	51	0.192515937376
32	1	0.253936241717
32	31	0.799682567344
33	47	0.92450215116
33	52	0.389828936022
33	45	0.00417846042218
33	3	0.978323874997
33	41	0.944315934383
33	10	0.205531673134
33	59	0.441014043666
33	24	0.294237167995
33	58	0.0396505606395
33	54	0.00822157907233
33	34	0.00759207439608
33	15	0.830679496514
33	40	0.210433861055
33	37	0.533921871788
33	57	0.43080430954
33	12	0.59543800972
33	2	0.961012954435
33	7	0.929070500247
33	22	0.784102314646
33	1	0.825749560371
33	43	0.980273600545
33	28	0.427784657707
33	51	0.326815360835
33	9	0.951696265328
33	27	0.913145511519
33	29	0.10068756015
34	17	0.745177225016
34	20	0.540605810858
34	50	0.371700211961
34	11	0.700629255275
34	22	0.3294397013
34	56	0.492998407467
34	9	0.81170641377
34	27	0.184949368772
34	58	0.0863112228569
34	6	0.668270870171
34	36	0.481256775919
34	8	0.560074456987
34	19	0.937689605336
34	59	0.201919481578
34	54	0.792546575509
34	43	0.970340496955
34	31	0.293143987824
34	2	0.9003152536
34	24	0.933610774392
34	26	0.818607900176
34	3	0.266590907923
34	1	0.513545927353
34	51	0.371702111011
34	49	0.0815086735602
34	46	0.47622905581
34	47	0.569180199628
35	46	0.523759416809
35	19	0.417061344943
35	9	0.535019630225
35	26	0.215525018095
35	23	0.527726459672
35	12	0.76234192362
35	41	0.0246418516287
35	56	0.60062045917
35	36	0.395723335111
35	25	0.52166523172
35	0	0.888107885578
35	39	0.593669353142
35	17	0.689490964258
35	27	0.967466292714
35	28	0.874980392263
35	43	0.822648888622
35	59	0.559328575332
35	6	0.950243678453
35	51	0.123133926045
35	4	0.743242947715
35	45	0.123600463262
35	44	0.801057076963
35	40	0.467585462879
35	15	0.903187365042
35	50	0.598916912541
36	27	0.579417131262
36	43	0.426143094474
36	15	0.452974938749
36	1	0.500119269548
36	57	0.361459023259
36	46	0.511544478624
36	24	0.361031365404
36	39	0.398167926174
36	50	0.455782018242
36	54	0.223089738135
36	5	0.813970145639
36	23	0.295632262111
36	3	0.726539269834
36	40	0.778900184147
36	31	0.269358722516
36	6	0.529272947883
36	7	0.916230766566
36	44	0.583007094931
36	16	0.317438415732
36	41	0.936248530202
36	26	0.180512483057
36	21	0.654756942132
36	9	0.0239176761529
37	40	0.41442926403
37	29	0.823400208079
37	8	0.87503756278
37	59	0.853099090505
37	9	0.748108927034
37	14	0.658761059514
37	16	0.340899315716
37	19	0.520942319792
37	58	0.312801189842
37	48	0.448606261271
37	53	0.402358928607
37	43	0.781556730126
37	39	0.560338235302
37	34	0.0450249924913
37	22	0.333062223178
37	56	0.472657286864
37	11	0.938450660782
37	13	0.53731068368
37	26	0.0236962867175
37	51	0.386307683584
37	25	0.110797044195
37	33	0.566612221899
38	20	0.294816077231
38	16	0.371463616425
38	54	0.552658975527
38	29	0.980736887456
38	55	0.427434693908
38	43	0.688364134997
38	47	0.200156408313
38	57	0.423876587511
38	23	0.778531821198
38	10	0.928142230785
38	46	0.70224291937
38	27	0.986102851896
38	1	0.203857901601
38	51	0.141088959817
38	15	0.892247512877
38	7	0.412648579451
38	53	0.0576127250471
38	3	0.708863466214
38	30	0.494396116743
38	24	0.584200721321
38	22	0.797644628548
38	26	0.540616620694
38	13	0.479481313476
38	33	0.220605727792
38	50	0.185502239147
38	5	0.872444444082
38	21	0.589376216048
39	33	0.34629823204
39	32	0.238641267866
39	23	0.502968468329
39	35	0.0120375997609
39	34	0.642612420347
39	17	0.946394953301
39	57	0.848676124635
39	38	0.400017529236
39	52	0.811688808549
39	55	0.563480359045
39	22	0.450434728276
39	1	0.251766131694
39	4	0.853114663814
39	12	0.298458248649
39	48	0.776146140903
39	43	0.30073479199
39	2	0.70587312058
39	31	0.374767111148
39	14	0.288434815497
39	51	0.10597164336
39	24	0.429760705848
39	36	0.487029232927
39	59	0.895107933355
39	8	0.981752696492
39	30	0.187779362547
39	28	0.374229438869
39	45	0.709317320977
40	11	0.908401582922
40	2	0.442649307726
40	4	0.130879722078
40	46	0.466223057935
40	49	0.1052493148
40	1	0.792771511092
40	52	0.162968427697
40	9	0.792474274509
40	28	0.504703351705
40	53	0.455497472761
40	16	0.617092131276
40	39	0.395856912865
40	35	0.666970045629
40	25	0.597491674756
40	33	0.883423001969
40	24	0.160848075769
40	41	0.0240955483688
40	32	0.701104197016
40	48	0.234838438592
40	17	0.778085522456
40	50	0.122392145483
40	12	0.944866176099
41	42	0.0421079951357
41	20	0.764023351052
41	1	0.632072730992
41	14	0.226782047479
41	12	0.725722773953
41	22	0.273732347345
41	16	0.770514106987
41	28	0.556442469887
41	18	0.551428460548
41	52	0.720686972995
41	9	0.230933771076
41	51	0.512312878583
41	24	0.868181258283
41	46	0.648043429078
41	31	0.62523459332
41	26	0.851530682661
41	38	0.0524381159301
41	44	0.471116016184
41	45	0.479157142946
41	43	0.122196179881
41	53	0.655318766663
41	2	0.427540770906
41	25	0.916693863601
41	57	0.377935307585
41	3	0.171524703439
41	47	0.139463307855
41	19	0.52094742814
42	6	0.409595233003
42	47	0.467068332464
42	15	0.160254779269
42	0	0.790704118988
42	30	0.620883547525
42	31	0.379980956836
42	12	0.146155611603
42	26	0.790553370021
42	35	0.559397477575
42	32	0.263902360077
42	11	0.0193247303948
42	40	0.420186063036
42	8	0.261057124811
42	22	0.343637620624
42	3	0.801240122547
42	37	0.0968570035072
42	54	0.0721861731447
42	59	0.600904468874
42	7	0.712129432559
42	4	0.303684837322
42	53	0.863694425841
42	24	0.744825774512
42	9	0.00655189566099
42	41	0.39299720967
42	56	0.263045285021
42	18	0.402654711902
42	38	0.63190046743
42	55	0.521648639012
42	36	0.698625141788
43	12	0.495772044465
43	32	0.224059859833
43	37	0.512375903237
43	57	0.867891444324
43	40	0.381801194798
43	36	0.980987836585
43	4	0.0179333023264
43	28	0.121542377909
43	2	0.779701833461
43	29	0.737344750404
43	27	0.882959038023
43	51	0.26102627283
43	39	0.72690203868
43	18	0.31267141734
43	53	0.55806288018
43	14	0.36641332777
43	21	0.615268474409
43	35	0.0518698584042
43	42	0.244337862588
43	44	0.437708619583
43	10	0.668962183544
43	6	0.101002128322
43	52	0.488604800938
43	15	0.593202219142
43	1	0.438587795769
43	19	0.452662903973
43	16	0.890135212193
43	38	0.778025014116
44	51	0.197696562438
44	2	0.372835464431
44	39	0.202684072921
44	54	0.984118090773
44	8	0.423552318397
44	22	0.947470468634
44	7	0.123020354784
44	3	0.575317449016
44	4	0.762848390112
44	56	0.580472621523
44	29	0.3940716841
44	23	0.673842216982
44	25	0.406939107421
44	13	0.309597966023
44	0	0.811832832371
44	55	0.79513688993
44	24	0.709067855111
44	15	0.599412709738
44	11	0.68465281715
44	27	0.174615119711
44	21	0.228915916046
44	33	0.771496745971
44	30	0.204997004229
44	28	0.778019805577
44	57	0.149710238716
45	39	0.272061982257
45	20	0.619595786482
45	5	0.634597974204
45	12	0.68761129824
45	53	0.231598281121
45	48	0.509618687453
45	50	0.199309236476
45	16	0.888668767288
45	6	0.95861974854
45	4	0.242204651402
45	14	0.180176872214
45	31	0.0841360554871
45	46	0.243668695717
45	40	0.588254281827
45	11	0.305387905089
45	21	0.654289890543
45	25	0.263347505679
45	58	0.950480610843
45	9	0.309306308291
45	19	0.23713847028
45	2	0.980796328423
45	38	0.721061051373
45	0	0.4527073684
45	33	0.789088316639
45	18	0.585473813036
45	54	0.75410838839
45	15	0.28932807699
46	49	0.866813914529
46	32	0.382225586904
46	25	0.039202595547
46	13	0.835396145132
46	39	0.0228901998915
46	20	0.580961301742
46	5	0.885325278176
46	27	0.642124019881
46	34	0.05553287918
46	57	0.608207253242
46	35	0.423551879189
46	23	0.768509892811
46	21	0.539080313898
46	37	0.295233492368
46	41	0.495564700145
46	45	0.60075728322
46	24	0.444186757717
46	40	0.641025433541
46	6	0.71357611399
46	7	0.393618542861
46	0	0.0617490396659
46	18	0.136732733795
46	28	0.173922607891
46	9	0.629840485775
46	36	0.670963111318
46	12	0.222429890663
46	47	0.642044181155
46	8	0.0408938356478
47	6	0.841522833526
47	44	0.247810514974
47	7	0.900697233931
47	26	0.0317123486942
47	49	0.774787629308
47	45	0.527232014296
47	38	0.324503816573
47	39	0.934542741979
47	10	0.647894881955
47	50	0.675059075229
47	32	0.535805291803
47	51	0.752023740148
47	20	0.360898065382
47	33	0.174258546161
47	40	0.790293822609
47	27	0.02169460976
47	35	0.189299023582
47	25	0.74573920488
47	31	0.776947748521
47	24	0.674274199931
47	29	0.474649806014
47	18	0.426763299162
47	30	0.439741011807
47	17	0.0183181562586
47	53	0.245403477395
47	34	0.604062655617
48	14	0.227394397827
48	1	0.00185712502321
48	32	0.143895845102
48	40	0.616344008608
48	16	0.786832176036
48	28	0.111385413027
48	37	0.168116457233
48	44	0.66222306511
48	11	0.0125677862379
48	12	0.785999205246
48	19	0.734511000559
48	23	0.653002172409
48	9	0.39890051968
48	58	0.794422930474
48	38	0.763599098638
48	31	0.182762764043
48	2	0.195975423356
48	27	0.25781912167
48	20	0.853965364208
48	24	0.387784054099
48	54	0.124598673505
48	33	0.609841792237
48	53	0.963898657164
48	36	0.350746025795
48	18	0.549123179563
48	30	0.596081984723
48	52	0.394999357006
49	24	0.907833201333
49	40	0.566512980844
49	44	0.281391378748
49	58	0.992099270133
49	18	0.598218139965
49	8	0.281715644743
49	50	0.85966738549
49	15	0.0339935792405
49	29	0.311513617486
49	37	0.179954715197
49	28	0.0895827157248
49	33	0.305413619754
49	14	0.0125566491512
49	12	0.776193077343
49	34	0.550817590781
49	39	0.965093279491
49	38	0.357823228821
49	52	0.0370248947605
49	7	0.779263502061
49	54	0.959529705986
49	3	0.114775427182
49	30	0.181081312562
49	0	0.757438344911
49	48	0.648356986272
49	16	0.873193120808
49	36	0.38790075201
49	51	0.961241233584
50	54	0.25708147047
50	38	0.979765610743
50	24	0.370938204517
50	31	0.898922390083
50	10	0.224645440257
50	19	0.510435744302
50	6	0.660813559053
50	17	0.628935144651
50	35	0.392366157023
50	23	0.349538904869
50	3	0.735309701137
50	0	0.645642847614
50	46	0.151284472219
50	22	0.600102049506
50	55	0.603098467307
50	57	0.632552277893
50	45	0.351653292833
50	8	0.788730415459
50	51	0.173449707395
50	53	0.0149578827692
50	13	0.853499963579
50	29	0.636968076143
50	32	0.688395034194
50	52	0.10163917012
51	34	0.38585170405
51	33	0.492907717148
51	11	0.128546041928
51	9	0.1436010991
51	50	0.331872702723
51	29	0.425478488313
51	52	0.325445228372
51	2	0.013108976689
51	46	0.0286575495754
51	36	0.738524678647
51	20	0.78445278305
51	55	0.562194723444
51	21	0.931065526419
51	37	0.250636348948
51	6	0.418386136113
51	48	0.124474671133
51	10	0.509815211262
51	16	0.235022621801
51	14	0.575817190465
51	45	0.874699463386
51	54	0.634135989178
51	15	0.588872829379
51	22	0.58745171658
51	1	0.701658797365
51	38	0.181981063498
51	35	0.83600924634
52	11	0.387016988716
52	41	0.107656090296
52	25	0.821725537256
52	8	0.414701919303
52	38	0.73872346734
52	50	0.0245908919996
52	22	0.650741408887
52	20	0.624509393844
52	26	0.649689231247
52	2	0.691397535356
52	35	0.740578269866
52	36	0.555005115814
52	13	0.753519887346
52	37	0.934997448474
52	33	0.579210234451
52	10	0.562047836106
52	31	0.171941327367
52	39	0.308666149188
52	45	0.943071477112
52	18	0.372819191669
52	55	0.256531336036
52	21	0.873849163854
52	42	0.73414879867
52	5	0.32019505518
52	17	0.725296233163
52	0	0.620121306928
52	9	0.789835064442
52	7	0.313546038165
52	12	0.279823543916
53	39	0.838884927373
53	36	0.169706431858
53	35	0.788906980823
53	17	0.547685691783
53	56	0.204227011484
53	32	0.64359128991
53	34	0.144372170497
53	30	0.366825537804
53	7	0.894005360302
53	31	0.279313310661
53	25	0.877066289751
53	5	0.501392734298
53	38	0.0937080690133
53	14	0.534428762869
53	2	0.217005573221
53	15	0.593345360193
53	58	0.15688211436
53	52	0.453894893201
53	41	0.16471252764
53	6	0.664392753065
53	28	0.48522120198
53	55	0.0691473117183
53	21	0.157488153058
53	49	0.23066564295
53	57	0.367219651427
53	50	0.980049084008
53	22	0.840230055542
54	34	0.601788165291
54	42	0.789107015381
54	10	0.496623126088
54	9	0.610227773655
54	19	0.0876190331923
54	27	0.617017237212
54	59	0.587970483898
54	21	0.796843822508
54	17	0.515192324565
54	44	0.56070463377
54	38	0.829035927654
54	47	0.997571352426
54	31	0.15073377659
54	53	0.384485426026
54	39	0.364014406649
54	14	0.639049888093
54	55	0.0261505542552
54	4	0.666716937811
54	45	0.898173717802
54	11	0.210655326728
54	43	0.427424840235
54	7	0.45300189946
54	30	0.690886642241
54	32	0.95232308612
55	51	0.229308185938
55	18	0.464192456536
55	43	0.268417071302
55	42	0.743890047167
55	56	0.0744556349386
55	7	0.551711601508
55	39	0.0900777143939
55	10	0.696048515456
55	31	0.782947932012
55	40	0.700130217929
55	54	0.860261435512
55	3	0.911968490689
55	53	0.125364205181
55	9	0.852718618103
55	5	0.78954053172
55	48	0.447861831036
55	45	0.113853424213
55	22	0.462128704367
55	6	0.521512632547
55	2	0.298047241183
55	50	0.716110183659
55	11	0.923223896808
55	1	0.0923940001432
55	21	0.479715026436
55	13	0.834953290002
55	59	0.170723588897
55	0	0.627299821085
55	38	0.865935767214
56	16	0.168352659054
56	17	0.529400331512
56	49	0.0143050652298
56	15	0.859790104054
56	18	0.805407629444
56	41	0.394477294909
56	12	0.982105325507
56	11	0.616437488533
56	25	0.551686854861
56	29	0.13221189128
56	50	0.853682027587
56	26	0.996772418375
56	2	0.305555025775
56	19	0.0536524376827
56	0	0.938260384907
56	28	0.447675714085
56	39	0.0206731016111
56	30	0.378822616715
56	47	0.809668194069
56	5	0.656350170332
56	55	0.22085079634
56	52	0.743865139661
56	1	0.693159261092
56	31	0.822576624314
56	48	0.0737479849196
56	37	0.669877894479
56	38	0.328711349785
57	2	0.431188771286
57	14	0.0698977535059
57	24	0.0156595649386
57	10	0.561748532557
57	5	0.424182817454
57	19	0.532874438006
57	8	0.562365267503
57	55	0.334430526216
57	15	0.0377416456033
57	58	0.517536972956
57	53	0.0621326685021
57	7	0.369619653349
57	46	0.236298614161
57	1	0.639537949506
57	26	0.0161349225089
57	41	0.98310229463
57	39	0.741723518137
57	3	0.787930051715
57	9	0.852837257834
57	13	0.408917091771
57	25	0.444439104118
57	32	0.358009432233
57	29	0.321646784176
57	34	0.928198494959
57	0	0.14766330766
58	20	0.325137496603
58	9	0.288041518729
58	24	0.368605935412
58	14	0.277118150296
58	23	0.327412249792
58	51	0.462694198696
58	4	0.115336369022
58	22	0.41968086769
58	19	0.645351133249
58	15	0.645842890925
58	44	0.833153880409
58	57	0.35294604684
58	41	0.781144839021
58	39	0.699665577226
58	7	0.902433272434
58	10	0.846570230105
58	54	0.65037329978
58	53	0.699441260273
58	30	0.732457746832
58	47	0.209900291521
58	42	0.380411721691
58	37	0.888192385772
58	17	0.983094063999
58	18	0.872811890897
59	10	0.0951871981455
59	23	0.030751124728
59	21	0.338089801363
59	31	0.941468968203
59	35	0.236333215073
59	8	0.0951677694259
59	37	0.0156753742768
59	5	0.826736331569
59	47	0.152839947465
59	15	0.694966114174
59	26	0.158664387143
59	11	0.619601193624
59	32	0.390415905656
59	44	0.920971109797
59	24	0.890708301374
59	9	0.726091696253
59	4	0.238962810612
59	42	0.381365657262
59	51	0.904881127589
59	41	0.885291674461
59	49	0.317542088839
59	3	0.0988815182245
59	34	0.0416896869458
59	48	0.442150701367
59	0	0.472220110171
59	43	0.178786433747
