60	47	0.649399406489
24	60	0.597085205084
60	56	0.24232781919
60	32	0.0195050516176
60	5	0.368545570023
36	60	0.362764796239
60	33	0.777218125615
31	60	0.743985860744
60	0	0.893733686802
60	42	0.559929669223
51	60	0.526499171121
60	53	0.0633567271317
60	12	0.0290011252707
18	60	0.347388643098
60	14	0.729998149846
41	60	0.91898855326
60	35	0.566190715256
60	45	0.0716348953386
60	6	0.859508394193
58	60	0.919810047953
60	43	0.241700211311
60	9	0.606988452033
60	7	0.987212604793
60	39	0.929716847722
60	10	0.824419453734
60	30	0.389285014562
45	61	0.214392002987
61	5	0.982071660303
27	61	0.778838647759
61	31	0.240074023163
61	23	0.964448163658
61	25	0.0841705973301
61	41	0.00541906610092
61	49	0.477900483344
61	2	0.548049387789
61	15	0.729007856148
61	16	0.960554823268
9	61	0.336398199824
61	30	0.888415138134
35	61	0.010324066675
61	55	0.778645529042
61	36	0.067656333887
37	61	0.607318524404
13	61	0.139961714358
61	14	0.833984486873
61	54	0.628618620282
59	61	0.565138739379
61	44	0.563739966568
61	0	0.898135445222
61	33	0.988658830743
61	40	0.108892190358
61	50	0.328417148317
61	56	0.942852430152
61	39	0.184299270054
61	20	0.515720993186
62	47	0.26393523153
56	62	0.42057202367
62	23	0.371401200416
62	46	0.103067275775
31	62	0.967447399508
26	62	0.113824623813
62	43	0.201027205613
62	42	0.0544564238859
62	35	0.705747134586
9	62	0.144044543155
62	53	0.755548084078
62	38	0.694726991827
62	19	0.163856007116
62	33	0.939524909988
62	34	0.348569960962
62	1	0.323639326516
62	54	0.261794721746
62	45	0.813039010341
62	17	0.111411940788
8	62	0.99771419551
62	11	0.635107094914
62	20	0.571426661824
13	62	0.250137652627
62	15	0.551042829282
63	39	0.567149006725
63	8	0.619586636583
63	14	0.104411820214
13	63	0.0340983061636
63	56	0.298536300972
57	63	0.803958361139
10	63	0.50645104167
48	63	0.17818289325
45	63	0.393925888665
52	63	0.602742290151
63	21	0.354250551726
63	31	0.0538288452453
63	12	0.951200878257
63	58	0.426236179539
63	38	0.028480625952
63	19	0.734838248217
63	30	0.570136587788
26	63	0.389587764383
63	43	0.66071246383
17	63	0.46662551669
63	18	0.622287489411
63	23	0.744047272963
63	4	0.0830939104307
41	63	0.0642278332466
27	63	0.819150604397
64	57	0.399595984664
64	40	0.979520634771
64	1	0.0795103192969
44	64	0.930988710157
64	46	0.654928063659
64	0	0.661661999913
64	55	0.000427244381317
64	54	0.443761608023
22	64	0.907753808732
64	7	0.57124059558
37	64	0.394744076888
17	64	0.926871145525
64	27	0.50160340915
64	13	0.0305883444166
64	9	0.0903053559628
64	6	0.62212251172
64	29	0.709736294844
64	48	0.849017987067
64	35	0.689828217779
64	2	0.195337611595
64	53	0.09150843232
64	10	0.254821675119
50	64	0.156859020175
64	45	0.965614288932
32	64	0.760930831048
64	25	0.211670612756
65	26	0.777275614075
65	54	0.174684534557
65	45	0.00234668835987
65	27	0.233286990387
57	65	0.633586942665
65	59	0.907340090997
48	65	0.869447850879
65	1	0.00588548373878
65	35	0.0953638835017
65	46	0.852693703817
65	15	0.24088596038
65	41	0.442815163498
23	65	0.495209188515
65	18	0.21534524042
65	21	0.195220040044
65	33	0.163144507934
65	43	0.920000462314
65	11	0.0257023971335
49	65	0.64394244529
65	58	0.176490240351
19	65	0.582854692662
38	65	0.802747111339
65	44	0.144223660399
65	42	0.190450238352
36	65	0.215719617556
65	3	0.854493279743
65	25	0.0886313945223
4	65	0.500792587111
37	65	0.681028410453
16	66	0.648962242135
66	36	0.566672578258
3	66	0.665948735635
43	66	0.987084826882
66	9	0.891364472421
66	46	0.237585207381
44	66	0.337899911663
66	55	0.899522603398
66	25	0.0835022098586
66	30	0.798361808324
66	37	0.784271131321
66	42	0.0377790960311
66	32	0.810083158454
66	18	0.961547554064
66	49	0.705750186052
66	0	0.829304193333
66	48	0.139619517444
66	52	0.597122607851
66	28	0.0626764893319
66	26	0.751177751585
66	56	0.713226616519
23	66	0.457377485233
50	66	0.383731180248
8	66	0.488025358486
66	15	0.269387678313
66	17	0.48882917974
11	67	0.911465564029
67	42	0.0740171082043
67	25	0.195097666961
10	67	0.422627085722
67	17	0.395167834038
67	56	0.382057891991
67	22	0.961500242855
67	58	0.876677648967
67	52	0.38816613727
67	50	0.753640113402
67	47	0.816359525049
67	6	0.593419634874
5	67	0.937705675538
67	32	0.576869106477
67	34	0.926853387541
67	29	0.714156947578
67	53	0.497903977688
67	44	0.571879965307
57	67	0.689369412664
24	67	0.506597204845
37	67	0.0680966087623
7	67	0.540956226119
67	2	0.317294374749
67	31	0.572303769554
15	67	0.175849000737
67	18	0.417351147653
67	4	0.172326065869
59	67	0.451177234182
37	68	0.879984027101
68	42	0.218487032998
15	68	0.648842332231
68	6	0.882870470193
68	0	0.552820580318
68	7	0.23576846705
68	34	0.992975409571
68	39	0.767529044154
68	44	0.995187539514
68	29	0.127223846409
31	68	0.66102133243
68	11	0.433967565015
68	10	0.734238168162
30	68	0.972113131595
68	23	0.155695999949
50	68	0.467315862534
68	43	0.20805737349
68	5	0.741868157413
68	36	0.618718253048
68	1	0.727100872469
68	25	0.596946906824
68	48	0.281353560723
68	53	0.182775298666
28	68	0.496876786341
46	68	0.266571722906
68	16	0.511607432646
68	9	0.276973526219
68	58	0.563171955133
4	68	0.999510191267
69	44	0.542052622605
69	37	0.941058680675
69	59	0.760077698444
69	49	0.293044400227
58	69	0.710637189729
69	54	0.908242288208
69	34	0.941803997178
30	69	0.200413434916
15	69	0.00721756662717
69	5	0.313634519352
11	69	0.901912610817
69	1	0.664186910898
69	23	0.776910020862
20	69	0.0910459092048
69	2	0.996614096205
12	69	0.068374498765
69	45	0.0918700565159
69	56	0.77600139922
69	16	0.520501912009
69	33	0.796326617586
69	13	0.0023663480443
69	47	0.599631170174
46	69	0.134069878225
25	69	0.00861746629149
69	48	0.485652321643
69	28	0.00135753675558
56	70	0.487112921602
70	15	0.615271305321
70	34	0.964253509365
70	26	0.649588329153
70	52	0.451345263359
18	70	0.420489426674
70	11	0.244606306059
70	8	0.225385571858
70	51	0.0423701964056
70	36	0.395064574398
70	44	0.768154962937
70	38	0.627360995193
70	22	0.105451216007
1	70	0.252198010648
43	70	0.91666060734
70	45	0.734528964653
70	35	0.566338810007
70	19	0.852600111058
70	5	0.922775860375
2	70	0.732522550263
13	70	0.887692630033
70	57	0.656662576795
70	10	0.471988708696
70	12	0.891604175706
70	17	0.83496353072
70	50	0.441698983389
71	58	0.652147315502
8	71	0.0504489401057
13	71	0.20098599437
71	21	0.285118223643
40	71	0.292542658534
71	12	0.891517496335
52	71	0.482924498301
71	24	0.929036031903
71	42	0.537355991359
71	17	0.183615664608
71	28	0.0561373372391
71	33	0.846077664269
71	30	0.928060783289
71	51	0.79581593814
71	10	0.382379496467
22	71	0.710906792146
71	44	0.816677629705
71	6	0.526154737176
71	55	0.907373820783
71	34	0.718950905011
9	71	0.677476167792
71	2	0.733905219157
71	54	0.315747589706
49	71	0.925008403906
71	5	0.143294485285
71	11	0.404606457168
72	3	0.161611717429
55	72	0.932504835688
72	56	0.439876223879
72	41	0.437288497759
72	8	0.0847502776746
72	19	0.887863990817
72	39	0.354842077978
72	54	0.676885793214
72	51	0.682505645446
72	24	0.903520266093
72	53	0.38356781547
72	16	0.277826716001
35	72	0.188439937083
42	72	0.817075992698
58	72	0.19765569995
9	72	0.886613483675
72	49	0.017335198418
72	31	0.312583087551
72	18	0.639344839287
72	22	0.117136617652
72	1	0.341354079229
72	44	0.651932432165
72	34	0.500075344199
72	50	0.637037217778
72	14	0.468438281817
26	72	0.263089272914
33	72	0.100866691513
73	52	0.0639182699268
73	25	0.992062513064
0	73	0.779641016514
73	35	0.596208285269
20	73	0.576880968861
1	73	0.354766918855
43	73	0.744181445375
73	17	0.509056398592
73	32	0.454435695472
73	39	0.421417825334
73	18	0.779963047356
7	73	0.345626867766
73	34	0.666632629801
27	73	0.770921262757
73	55	0.98023536119
73	54	0.753979695987
73	44	0.539187621812
3	73	0.720746660516
73	5	0.953814017855
73	53	0.425264964557
73	47	0.0254416311939
73	16	0.348628354827
73	10	0.133391683145
73	48	0.113978620063
36	73	0.750030084255
11	73	0.293080727443
73	22	0.406071895791
74	20	0.59175999071
13	74	0.278612050766
74	55	0.457933034784
56	74	0.083813428923
74	11	0.679646528919
74	14	0.0104917538238
74	53	0.53085171391
74	8	0.178781004684
74	22	0.187289551988
74	31	0.3880503718
74	15	0.953632256705
50	74	0.878649374521
74	28	0.834708318296
44	74	0.275706970303
24	74	0.80195775162
74	1	0.198963034394
74	30	0.416163148256
74	23	0.624915990049
47	74	0.522041006511
74	58	0.795774082934
74	26	0.563875388405
74	59	0.00628951066337
74	42	0.389172930545
27	74	0.39725597752
74	25	0.524474990987
74	18	0.233761177209
74	21	0.961350919382
74	4	0.659066231169
75	45	0.186304715226
75	39	0.377756301012
75	38	0.0443593074597
26	75	0.402928588712
75	40	0.769038405257
75	30	0.75030948775
75	16	0.034084693142
54	75	0.883810970978
75	32	0.50261628369
75	10	0.486402377158
75	25	0.136323246958
75	37	0.0421721951853
75	14	0.685222062922
75	11	0.49607196359
75	15	0.885826844398
59	75	0.382720820568
46	75	0.00256085923059
31	75	0.106374082575
75	34	0.278642595075
75	52	0.936180557419
75	22	0.121609834298
35	75	0.514382927212
4	75	0.513014377948
75	57	0.675422089082
1	75	0.0155833238752
75	51	0.937260667872
28	75	0.340585722415
76	30	0.485250796843
76	37	0.846863228755
76	59	0.91818959977
76	5	0.108735458684
76	54	0.266210425071
76	34	0.794026390938
76	12	0.30095557426
8	76	0.310535968015
76	10	0.45828672674
76	21	0.901216534763
47	76	0.480209138021
76	56	0.778878512988
20	76	0.585649422009
76	23	0.25792740552
31	76	0.791585161427
76	16	0.717027368021
6	76	0.856579297373
76	33	0.849768409206
76	0	0.0190036150666
76	52	0.792576258533
76	48	0.0814735628027
44	76	0.820711647375
76	18	0.715204926112
36	76	0.599109255021
49	76	0.498507435188
15	76	0.768503789933
76	43	0.774237095763
27	76	0.47922427829
77	49	0.348729292024
77	30	0.465720112936
77	3	0.00265028643138
47	77	0.987319763421
53	77	0.81393211595
29	77	0.483089057642
24	77	0.662448445081
77	56	0.845646826802
77	51	0.785067541742
77	10	0.208460951315
77	2	0.309256500163
37	77	0.0758012750563
77	57	0.585156993554
55	77	0.0440786021123
41	77	0.498377369403
77	34	0.16759757199
77	14	0.753565224317
77	38	0.201583276561
77	5	0.0452715600506
19	77	0.162759703227
77	50	0.172038735819
77	17	0.557905310497
77	8	0.911318933484
77	25	0.281824547552
77	20	0.143699522393
77	7	0.792129966428
36	77	0.336548974938
78	25	0.874499205145
49	78	0.553083088925
26	78	0.170640206208
14	78	0.551135048064
78	46	0.0418994018146
29	78	0.447980857919
78	8	0.428003855951
78	38	0.778375192372
78	48	0.727340271787
42	78	0.223927470572
35	78	0.5388137181
78	40	0.834987916575
78	27	0.318860371896
78	1	0.64416146365
4	78	0.924128827827
33	78	0.925529614915
78	55	0.299113286671
78	15	0.800860086453
17	78	0.739995821566
78	59	0.440878438699
78	34	0.536250099074
41	78	0.344713481901
54	78	0.94692891102
78	47	0.694004914557
3	78	0.85443902945
5	79	0.406548378195
79	23	0.987752467268
79	17	0.812536528182
57	79	0.116324739468
79	6	0.349763635414
35	79	0.975194484851
37	79	0.316411737053
79	18	0.760735286205
79	3	0.265540916374
79	34	0.686871195553
14	79	0.532916061044
79	54	0.589206460327
79	8	0.839157826077
27	79	0.286429427283
25	79	0.888053408731
79	1	0.0928941679107
49	79	0.12033155415
79	13	0.839717227387
79	44	0.983562602904
79	43	0.331451556173
79	30	0.136855853559
79	21	0.198401657377
79	11	0.352398805428
79	31	0.665191836716
79	53	0.965809845655
