0	18	0.687226242436
0	15	0.175803195245
0	7	0.0217311697736
0	3	0.0393866338688
0	4	0.244234226592
0	9	0.314586477201
0	2	0.508345994666
0	13	0.73786864483
0	12	0.304629819946
1	10	0.226626747209
1	12	0.726207104593
1	13	0.713699978602
1	17	0.0614763810706
1	5	0.71576021919
1	9	0.745353107662
1	16	0.0171814915182
2	12	0.519155957933
2	16	0.960641218655
2	3	0.510308937333
2	19	0.35512559703
2	5	0.601300122207
2	8	0.260240540975
2	0	0.685768083753
3	11	0.474611605079
3	9	0.740099318645
3	3	0.371155983979
3	16	0.886296360799
3	6	0.601121384258
3	13	0.520082591567
3	10	0.0431916942327
3	19	0.176635743649
4	0	0.873715205707
4	2	0.586692085274
4	18	0.39428488792
4	17	0.884407348546
4	9	0.843678712068
4	10	0.851686232661
4	8	0.413970694876
4	19	0.110835507594
