0	48	0.355905712518
0	17	0.7545689386
0	15	0.650069402754
0	56	0.870954882419
0	46	0.232943431393
0	4	0.175209756011
0	59	0.403169746187
0	41	0.214727060368
0	32	0.307007276599
0	31	0.923499769631
0	29	0.621696127865
0	20	0.252769598278
0	27	0.443626064611
0	58	0.252827474132
0	10	0.971450435714
0	30	0.60482894719
0	22	0.246422916854
0	57	0.362604281026
0	12	0.823311178262
0	5	0.77555717491
0	34	0.430740318545
0	49	0.0722754870063
0	25	0.263416545552
0	18	0.0193695359973
0	19	0.769355880839
0	37	0.714865186297
0	51	0.668576819025
0	2	0.976464903373
0	26	0.290063193301
1	42	0.935492860631
1	56	0.169596776672
1	27	0.186213278671
1	37	0.718002125458
1	46	0.195692600762
1	13	0.66403409642
1	58	0.607434860623
1	34	0.225511665052
1	4	0.792397539157
1	51	0.409586869406
1	19	0.813954534128
1	41	0.933531426572
1	10	0.461727063377
1	49	0.0640016759597
1	47	0.69926680607
1	12	0.139086504533
1	31	0.840983433536
1	36	0.861875206553
1	33	0.777537028496
1	35	0.27202608112
1	38	0.0381660935523
1	6	0.762005148887
1	57	0.058739219518
2	27	0.659344856974
2	21	0.875053331143
2	44	0.687892720597
2	19	0.551095855742
2	36	0.983831318374
2	12	0.157188786034
2	23	0.292410123239
2	15	0.862590317336
2	48	0.41196279997
2	28	0.64196043506
2	47	0.807217122022
2	43	0.36027786329
2	56	0.410152347798
2	53	0.347455611444
2	8	0.574016534534
2	25	0.497890700415
2	22	0.210667124733
2	14	0.11669916269
2	11	0.0570579392782
2	52	0.754935457079
2	42	0.790293536168
2	45	0.864001957292
2	30	0.262340298171
2	5	0.188319323064
3	11	0.0497581209499
3	47	0.546083241121
3	50	0.525168273657
3	35	0.561373919092
3	49	0.272118954911
3	33	0.188628923919
3	3	0.554689718653
3	28	0.660009019107
3	23	0.0670499855988
3	21	0.613670101178
3	8	0.995371974854
3	12	0.230258979456
3	55	0.417217539584
3	2	0.394648080047
3	31	0.539579566571
3	37	0.491329355793
3	34	0.562055581152
3	9	0.0777191596554
3	30	0.13228861656
3	16	0.426468295953
3	54	0.583144701394
3	51	0.116875708444
3	7	0.584939389838
3	43	0.921818503135
3	26	0.448911526106
3	4	0.990341911596
4	29	0.456277065788
4	31	0.417880361448
4	44	0.343083013488
4	47	0.982143085939
4	36	0.619875858478
4	55	0.173890539218
4	37	0.126357721553
4	49	0.490359365333
4	51	0.795786727983
4	26	0.238759117134
4	54	0.962444322372
4	46	0.865326473156
4	41	0.682765320009
4	56	0.0627564271663
4	50	0.502737487131
4	6	0.104078218101
4	48	0.699238028536
4	52	0.514386778082
4	59	0.151367848051
4	8	0.762296751671
4	30	0.789437147957
4	12	0.580249021135
4	24	0.746095251046
4	38	0.988714474497
4	20	0.194400844365
4	15	0.57412244641
4	17	0.552804021963
4	18	0.281050054708
5	51	0.349649190624
5	12	0.195472327442
5	45	0.785247285406
5	14	0.650858324305
5	27	0.603825180821
5	5	0.236963845749
5	33	0.94016821406
5	4	0.0239741921645
5	31	0.116296743545
5	18	0.687068343358
5	54	0.790299747061
5	25	0.666480927864
5	10	0.121005209428
5	53	0.205345251861
5	0	0.996927023005
5	56	0.795270604816
5	1	0.536477843876
5	41	0.861070210411
5	24	0.601003921656
5	15	0.544660682921
5	46	0.651719765648
5	28	0.197187788089
5	13	0.7147227343
5	23	0.436009106548
5	58	0.101678179827
5	48	0.160052207829
5	19	0.629739149409
6	53	0.207129072541
6	36	0.123587296953
6	14	0.369325143772
6	7	0.23217451307
6	39	0.948206268968
6	21	0.0264552949976
6	29	0.0454138608263
6	54	0.298650935471
6	16	0.728489117807
6	46	0.340041677485
6	59	0.404393561175
6	51	0.922939016239
6	47	0.0696182798803
6	41	0.632466509658
6	33	0.352175410149
6	18	0.170861274896
6	31	0.144955251774
6	0	0.861182580449
6	5	0.830180644898
6	2	0.714326668673
6	28	0.941171888949
6	40	0.045301237951
6	50	0.0176421394273
6	49	0.529211387393
6	19	0.239947311675
6	11	0.146025248618
7	32	0.0886386781299
7	58	0.856435918448
7	27	0.158820163438
7	26	0.788022108016
7	28	0.813629927041
7	41	0.83148149651
7	57	0.369350656517
7	52	0.327416204794
7	50	0.750688567185
7	16	0.0868983698782
7	11	0.906833584732
7	56	0.66760989806
7	14	0.473964107747
7	47	0.0764934301153
7	59	0.395039678493
7	29	0.599039354363
7	42	0.236704742715
7	21	0.224894487917
7	45	0.0584536634913
7	35	0.709616488355
7	7	0.300651909865
7	48	0.399348656721
7	53	0.0722037703335
7	31	0.311809581623
7	55	0.725076790619
7	37	0.680712897578
7	49	0.080678467506
8	33	0.311600747704
8	31	0.292006745225
8	38	0.0215745756565
8	49	0.760710140881
8	17	0.617792299111
8	19	0.320892878683
8	30	0.463443372414
8	47	0.302749166491
8	25	0.298640162334
8	13	0.415734750658
8	54	0.338060237445
8	53	0.215209383615
8	43	0.0279601800039
8	37	0.295535507143
8	39	0.719606819275
8	3	0.47290453675
8	41	0.964853295386
8	0	0.288698228757
8	2	0.462386719028
8	29	0.374699056532
8	8	0.303487096197
8	58	0.0326841809047
8	1	0.321107906142
8	26	0.0546028853083
8	40	0.188241175515
8	15	0.763874617774
8	22	0.940721328256
9	54	0.0798614364152
9	36	0.883850281705
9	19	0.505000280055
9	11	0.794873643862
9	7	0.985955771476
9	29	0.0722412837275
9	52	0.434858117719
9	56	0.973556766443
9	6	0.38554288883
9	47	0.721084922757
9	57	0.778997840216
9	39	0.358063437463
9	30	0.106448608856
9	45	0.19688003235
9	32	0.566997090527
9	27	0.0888321873131
9	13	0.046382267692
9	9	0.488588503142
9	50	0.998478218014
9	21	0.0675091121715
9	17	0.245074389259
9	38	0.111716000724
9	55	0.619202037423
9	46	0.947372457478
9	22	0.155289478749
9	43	0.328086868121
9	53	0.157677061578
